$ 1 0.000005 10.20027730826997 50 5 50
177 384 384 464 400 0 2.9873396525654083 0.687830862591245 0.065 0.06 23
v 544 528 448 528 0 0 40 9.4 0 0 0.5
r 448 464 448 528 0 120
s 544 432 544 528 0 1 true
w 384 304 384 368 0
v 544 208 384 208 0 0 40 3 0 0 0.5
s 752 304 752 384 0 0 false
x 771 351 847 354 4 24 Probes
209 384 304 464 304 2 3 2.997360511957553 1
s 384 208 384 304 0 1 false
w 544 208 544 304 0
r 464 304 544 304 0 0.00023
x 408 184 552 187 4 24 Power\ssupply
x 576 441 651 444 4 24 Trigger
370 544 384 752 384 1 0
g 544 208 576 208 0
b 411 272 525 332 0
x 416 260 518 263 4 24 Capacitor
x 456 573 532 576 4 24 Battery
368 384 304 336 304 0 0
r 544 304 752 304 0 0.1
p 384 368 544 368 1 0
w 544 368 544 384 0
w 384 384 384 368 0
370 448 464 448 416 1 0
w 464 384 544 384 0
w 544 384 544 432 0
368 384 208 384 176 0 0
o 21 64 0 4163 5e-8 2e-9 0 2 14 3
38 5 0 2 5 Charging\svoltage
38 1 0 1.5 9.5 Voltage

